Time,Height,2CL,3CL,4CL,5CL,6CL,7CL,8CL,9CL,10CL,11CL,12CL,13CL,14CL,15CL,16CL,17CL,18CL,19CL,20CL,21CL,22CL,23CL,24CL,25CL,26CL,27CL,28CL,29CL,30CL
2004030106,500,1,1,1,1,1,1,1,1,1,1,1,1,1,1,1,1,1,1,1,1,1,1,1,1,1,1,1,1,1
2004030206,500,1,3,3,3,3,3,3,3,3,3,3,3,3,3,3,3,3,3,3,3,3,3,3,3,3,3,3,3,3
2004030306,500,1,1,1,5,5,5,5,5,5,5,5,5,5,5,5,5,5,5,5,5,5,5,5,5,5,5,5,5,5
2004030406,500,1,1,1,1,1,1,1,1,1,1,1,1,1,1,1,1,1,1,1,1,1,1,1,1,1,1,1,1,1
2004030506,500,1,1,1,1,1,1,1,1,1,1,12,12,12,12,12,12,12,12,12,12,12,12,12,12,12,12,12,12,12
2004030606,500,1,1,1,1,1,1,1,1,1,1,12,12,12,12,12,12,12,12,12,12,12,12,12,12,12,12,12,12,12
2004030706,500,1,1,1,1,1,1,1,1,1,1,1,1,1,1,1,1,1,1,1,1,1,1,1,1,1,1,1,1,1
2004030806,500,1,3,3,3,3,3,3,3,3,3,3,3,3,15,15,15,15,15,15,15,15,15,15,15,15,15,15,15,15
2004030906,500,1,1,1,1,1,7,7,7,7,7,7,7,7,7,7,7,7,7,7,7,7,7,7,7,7,7,7,7,7
2004031006,500,1,3,3,3,6,6,6,6,6,6,6,6,6,6,6,6,6,6,6,6,6,6,6,6,6,6,6,6,6
2004031106,500,1,3,3,3,3,3,3,3,3,3,3,3,3,15,15,15,15,15,15,15,22,22,22,22,22,22,22,22,22
2004031206,500,1,1,1,1,1,1,1,1,1,1,1,1,1,1,1,1,1,1,1,1,1,1,1,1,1,1,1,1,1
2004031306,500,1,1,1,1,1,1,1,1,1,1,1,1,1,1,1,1,1,1,1,21,21,21,21,21,21,21,21,21,21
2004031406,500,1,1,1,1,1,7,7,7,7,7,7,7,7,7,7,7,7,7,7,7,7,7,7,7,7,7,7,7,7
2004031506,500,1,1,1,1,1,7,7,7,7,7,7,7,7,7,7,7,7,7,7,7,7,7,7,7,7,7,7,7,7
2004031606,500,1,1,1,5,5,5,5,5,5,11,11,11,11,11,11,11,11,11,11,11,11,11,11,11,11,11,11,11,11
2004031706,500,2,2,2,2,2,2,2,2,2,2,2,2,2,2,2,2,2,2,2,2,2,2,2,2,2,2,2,2,2
2004031806,500,2,2,4,4,4,4,4,4,4,4,4,4,4,4,4,4,4,4,4,4,4,4,4,4,4,4,4,4,4
2004031906,500,2,2,4,4,4,4,8,8,8,8,8,8,8,8,8,8,8,8,8,8,8,8,8,8,8,8,8,8,8
2004032006,500,2,2,4,4,4,4,8,8,8,8,8,8,8,8,8,8,8,8,8,8,8,8,8,8,8,8,8,8,8
2004032106,500,1,1,1,1,1,1,1,1,1,1,1,1,1,1,1,1,1,1,1,1,1,1,1,1,1,1,1,1,1
2004032206,500,2,2,2,2,2,2,2,2,2,2,2,2,2,2,2,2,2,2,2,2,2,2,2,2,26,26,26,26,26
2004032306,500,2,2,2,2,2,2,2,2,10,10,10,10,10,10,10,10,10,10,10,10,10,10,10,10,10,10,10,10,10
2004032406,500,2,2,4,4,4,4,8,8,8,8,8,8,8,8,16,16,16,16,16,16,16,16,16,16,16,16,16,16,16
2004032506,500,1,1,1,1,1,1,1,1,1,1,1,1,1,1,1,1,1,1,1,1,1,1,1,1,1,1,1,1,1
2004032606,500,1,1,1,1,1,7,7,7,7,7,7,7,7,7,7,7,7,7,7,7,7,7,7,7,7,7,7,7,7
2004032706,500,1,1,1,1,1,1,1,1,1,1,1,1,1,1,1,1,1,1,1,21,21,21,21,21,21,21,21,21,21
2004032806,500,1,1,1,5,5,5,5,5,5,11,11,11,11,11,11,17,17,17,17,17,17,17,17,17,17,17,17,17,17
2004032906,500,1,3,3,3,3,3,3,3,3,3,3,3,3,15,15,15,15,15,15,15,22,22,22,22,22,22,22,22,22
2004033006,500,1,1,1,1,1,1,1,1,1,1,1,1,1,1,1,1,1,1,1,21,21,21,21,21,21,21,21,21,21
2004033106,500,1,3,3,3,3,3,3,3,3,3,3,3,3,15,15,15,15,15,15,15,15,15,15,15,15,15,15,15,15
2004040106,500,1,3,3,3,3,3,3,3,3,3,3,3,3,15,15,15,15,15,15,15,22,22,22,22,22,22,22,22,22
2004040206,500,1,1,1,1,1,1,1,1,1,1,12,12,12,12,12,12,12,12,12,12,12,12,12,12,12,12,12,12,12
2004040306,500,1,1,1,1,1,1,1,1,1,1,12,12,12,12,12,12,12,12,12,12,12,12,12,12,12,12,12,12,12
2004040406,500,2,2,2,2,2,2,2,2,2,2,2,2,2,2,2,2,2,2,2,2,2,2,2,2,26,26,26,26,26
2004040506,500,1,1,1,1,1,1,1,1,1,1,1,1,1,1,1,1,1,1,1,21,21,21,21,21,21,21,21,21,21
2004040606,500,1,1,1,5,5,5,5,5,5,5,5,5,5,5,5,5,5,19,19,19,19,19,19,19,19,19,19,19,19
2004040706,500,1,1,1,5,5,5,5,5,5,5,5,5,5,5,5,5,5,19,19,19,19,19,19,19,19,19,19,19,19
2004040806,500,2,2,4,4,4,4,4,4,4,4,4,4,4,4,4,4,18,18,18,18,18,18,18,18,18,18,18,18,18
2004040906,500,2,2,4,4,4,4,8,8,8,8,8,8,8,8,16,16,16,16,16,16,16,16,16,25,25,25,25,25,25
2004041006,500,2,2,2,2,2,2,2,2,10,10,10,10,10,10,10,10,10,10,10,10,10,23,23,23,23,23,23,23,23
2004041106,500,1,1,1,5,5,5,5,5,5,11,11,11,11,11,11,17,17,17,17,17,17,17,24,24,24,24,24,24,24
2004041206,500,1,1,1,5,5,5,5,5,5,11,11,11,11,11,11,11,11,11,11,11,11,11,11,11,11,11,11,11,11
2004041306,500,1,1,1,5,5,5,5,5,5,11,11,11,11,11,11,11,11,11,11,11,11,11,11,11,11,11,11,11,11
2004041406,500,1,1,1,5,5,5,5,5,5,11,11,11,11,11,11,17,17,17,17,17,17,17,17,17,17,17,17,17,17
2004041506,500,2,2,2,2,2,2,2,2,2,2,2,2,2,2,2,2,2,2,2,2,2,2,2,2,26,26,26,26,26
2004041606,500,2,2,2,2,2,2,2,2,2,2,2,2,2,2,2,2,2,2,2,2,2,2,2,2,26,26,26,26,26
2004041706,500,1,1,1,1,1,1,1,1,1,1,12,12,12,12,12,12,12,12,12,12,12,12,12,12,12,12,12,12,12
2004041806,500,1,1,1,1,1,1,1,1,1,1,12,12,12,12,12,12,12,12,12,12,12,12,12,12,12,12,12,12,12
2004041906,500,2,2,2,2,2,2,2,2,2,2,2,2,2,2,2,2,2,2,2,2,2,2,2,2,26,26,26,26,26
2004042006,500,2,2,2,2,2,2,2,2,2,2,2,2,2,2,2,2,2,2,2,2,2,2,2,2,26,26,26,26,26
2004042106,500,2,2,2,2,2,2,2,2,2,2,2,2,2,2,2,2,2,2,2,2,2,2,2,2,2,2,2,2,2
2004042206,500,2,2,2,2,2,2,2,2,10,10,10,10,10,10,10,10,10,10,10,10,10,10,10,10,10,10,10,10,10
2004042306,500,2,2,4,4,4,4,8,8,8,8,8,8,8,8,16,16,16,16,16,16,16,16,16,16,16,16,16,16,16
2004042406,500,2,2,4,4,4,4,8,8,8,8,8,8,8,8,8,8,8,8,8,8,8,8,8,8,8,8,28,28,28
2004042506,500,2,2,2,2,2,2,2,2,2,2,2,2,14,14,14,14,14,14,14,14,14,14,14,14,14,14,14,14,14
2004042606,500,1,3,3,3,3,3,3,3,3,3,3,13,13,13,13,13,13,13,13,13,13,13,13,13,13,13,13,13,13
2004042706,500,1,1,1,1,1,1,1,1,1,1,12,12,12,12,12,12,12,12,12,12,12,12,12,12,12,12,12,12,12
2004042806,500,1,3,3,3,3,3,3,3,3,3,3,3,3,3,3,3,3,3,3,3,3,3,3,3,3,3,3,3,3
2004042906,500,1,3,3,3,3,3,3,3,3,3,3,3,3,3,3,3,3,3,3,3,3,3,3,3,3,3,3,3,3
2004043006,500,2,2,2,2,2,2,2,2,10,10,10,10,10,10,10,10,10,10,10,10,10,10,10,10,10,10,10,10,10
2004050106,500,2,2,2,2,2,2,2,2,10,10,10,10,10,10,10,10,10,10,10,10,10,23,23,23,23,23,23,23,23
2004050206,500,1,3,3,3,3,3,3,3,3,3,3,3,3,3,3,3,3,3,3,3,3,3,3,3,3,3,3,3,3
2004050306,500,1,1,1,5,5,5,5,5,5,5,5,5,5,5,5,5,5,5,5,5,5,5,5,5,5,5,5,5,5
2004050406,500,2,2,2,2,2,2,2,2,10,10,10,10,10,10,10,10,10,10,10,10,10,10,10,10,10,10,10,10,10
2004050506,500,2,2,2,2,2,2,2,2,2,2,2,2,14,14,14,14,14,14,14,14,14,14,14,14,14,14,14,14,30
2004050606,500,1,1,1,1,1,1,1,1,1,1,1,1,1,1,1,1,1,1,1,21,21,21,21,21,21,21,21,21,21
2004050706,500,1,1,1,1,1,7,7,7,7,7,7,7,7,7,7,7,7,7,7,7,7,7,7,7,7,7,7,7,7
2004050806,500,1,1,1,1,1,7,7,7,7,7,7,7,7,7,7,7,7,7,7,7,7,7,7,7,7,7,7,7,7
2004050906,500,1,3,3,3,3,3,3,3,3,3,3,3,3,3,3,3,3,3,3,3,3,3,3,3,3,3,3,3,3
2004051006,500,1,1,1,5,5,5,5,5,5,5,5,5,5,5,5,5,5,19,19,19,19,19,19,19,19,19,19,19,19
2004051106,500,2,2,2,2,2,2,2,2,10,10,10,10,10,10,10,10,10,10,10,10,10,10,10,10,10,10,10,10,10
2004051206,500,1,1,1,5,5,5,5,5,5,5,5,5,5,5,5,5,5,19,19,19,19,19,19,19,19,19,19,19,19
2004051306,500,2,2,4,4,4,4,4,4,4,4,4,4,4,4,4,4,18,18,18,18,18,18,18,18,18,18,18,29,29
2004051406,500,2,2,2,2,2,2,2,2,2,2,2,2,14,14,14,14,14,14,14,14,14,14,14,14,14,14,14,14,30
2004051506,500,1,1,1,5,5,5,5,5,5,5,5,5,5,5,5,5,5,19,19,19,19,19,19,19,19,19,19,19,19
2004051606,500,2,2,4,4,4,4,4,4,4,4,4,4,4,4,4,4,4,4,20,20,20,20,20,20,20,20,20,20,20
2004051706,500,2,2,4,4,4,4,8,8,8,8,8,8,8,8,16,16,16,16,16,16,16,16,16,16,16,16,16,16,16
2004051806,500,2,2,4,4,4,4,4,4,4,4,4,4,4,4,4,4,18,18,18,18,18,18,18,18,18,18,18,29,29
2004051906,500,2,2,4,4,4,4,8,8,8,8,8,8,8,8,16,16,16,16,16,16,16,16,16,16,16,16,16,16,16
2004052006,500,2,2,2,2,2,2,2,2,2,2,2,2,14,14,14,14,14,14,14,14,14,14,14,14,14,14,14,14,30
2004052106,500,2,2,4,4,4,4,4,4,4,4,4,4,4,4,4,4,4,4,4,4,4,4,4,4,4,4,4,4,4
2004052206,500,2,2,4,4,4,4,4,4,4,4,4,4,4,4,4,4,4,4,4,4,4,4,4,4,4,4,4,4,4
2004052306,500,2,2,4,4,4,4,8,8,8,8,8,8,8,8,16,16,16,16,16,16,16,16,16,25,25,25,25,25,25
2004052406,500,1,1,1,5,5,5,5,5,5,11,11,11,11,11,11,17,17,17,17,17,17,17,17,17,17,17,17,17,17
2004052506,500,1,1,1,5,5,5,5,5,5,5,5,5,5,5,5,5,5,19,19,19,19,19,19,19,19,19,19,19,19
2004052606,500,2,2,4,4,4,4,8,8,8,8,8,8,8,8,16,16,16,16,16,16,16,16,16,16,16,16,16,16,16
2004052706,500,2,2,2,2,2,2,2,2,2,2,2,2,14,14,14,14,14,14,14,14,14,14,14,14,14,14,14,14,30
2004052806,500,1,1,1,5,5,5,5,5,5,5,5,5,5,5,5,5,5,19,19,19,19,19,19,19,19,19,19,19,19
2004052906,500,2,2,4,4,4,4,4,4,4,4,4,4,4,4,4,4,18,18,18,18,18,18,18,18,18,18,18,29,29
2004053006,500,2,2,4,4,4,4,8,8,8,8,8,8,8,8,8,8,8,8,8,8,8,8,8,8,8,8,8,8,8
2004053106,500,2,2,4,4,4,4,8,8,8,8,8,8,8,8,16,16,16,16,16,16,16,16,16,25,25,25,25,25,25
2005030106,500,1,1,1,1,1,1,1,1,1,1,12,12,12,12,12,12,12,12,12,12,12,12,12,12,12,12,12,12,12
2005030206,500,2,2,2,2,2,2,2,2,2,2,2,2,2,2,2,2,2,2,2,2,2,2,2,2,2,2,2,2,2
2005030306,500,2,2,2,2,2,2,2,2,10,10,10,10,10,10,10,10,10,10,10,10,10,23,23,23,23,23,23,23,23
2005030406,500,1,3,3,3,3,3,3,9,9,9,9,9,9,9,9,9,9,9,9,9,9,9,9,9,9,9,9,9,9
2005030506,500,2,2,2,2,2,2,2,2,2,2,2,2,14,14,14,14,14,14,14,14,14,14,14,14,14,14,14,14,30
2005030606,500,1,1,1,1,1,1,1,1,1,1,1,1,1,1,1,1,1,1,1,21,21,21,21,21,21,21,21,21,21
2005030706,500,1,3,3,3,3,3,3,3,3,3,3,13,13,13,13,13,13,13,13,13,13,13,13,13,13,13,13,13,13
2005030806,500,1,1,1,1,1,7,7,7,7,7,7,7,7,7,7,7,7,7,7,7,7,7,7,7,7,7,7,7,7
2005030906,500,1,1,1,1,1,7,7,7,7,7,7,7,7,7,7,7,7,7,7,7,7,7,7,7,7,7,7,7,7
2005031006,500,1,1,1,1,1,1,1,1,1,1,12,12,12,12,12,12,12,12,12,12,12,12,12,12,12,12,12,12,12
2005031106,500,2,2,4,4,4,4,4,4,4,4,4,4,4,4,4,4,4,4,4,4,4,4,4,4,4,4,4,4,4
2005031206,500,2,2,2,2,2,2,2,2,2,2,2,2,14,14,14,14,14,14,14,14,14,14,14,14,14,14,14,14,30
2005031306,500,2,2,2,2,2,2,2,2,2,2,2,2,2,2,2,2,2,2,2,2,2,2,2,2,26,26,26,26,26
2005031406,500,1,1,1,1,1,1,1,1,1,1,1,1,1,1,1,1,1,1,1,1,1,1,1,1,1,1,1,1,1
2005031506,500,1,1,1,5,5,5,5,5,5,11,11,11,11,11,11,11,11,11,11,11,11,11,11,11,11,11,11,11,11
2005031606,500,1,1,1,5,5,5,5,5,5,11,11,11,11,11,11,11,11,11,11,11,11,11,11,11,11,11,11,11,11
2005031706,500,1,1,1,5,5,5,5,5,5,5,5,5,5,5,5,5,5,5,5,5,5,5,5,5,5,5,5,5,5
2005031806,500,2,2,2,2,2,2,2,2,2,2,2,2,2,2,2,2,2,2,2,2,2,2,2,2,26,26,26,26,26
2005031906,500,1,1,1,1,1,1,1,1,1,1,12,12,12,12,12,12,12,12,12,12,12,12,12,12,12,12,12,12,12
2005032006,500,2,2,4,4,4,4,8,8,8,8,8,8,8,8,8,8,8,8,8,8,8,8,8,8,8,8,8,8,8
2005032106,500,2,2,4,4,4,4,8,8,8,8,8,8,8,8,16,16,16,16,16,16,16,16,16,25,25,25,25,25,25
2005032206,500,2,2,2,2,2,2,2,2,2,2,2,2,14,14,14,14,14,14,14,14,14,14,14,14,14,14,14,14,30
2005032306,500,2,2,4,4,4,4,8,8,8,8,8,8,8,8,8,8,8,8,8,8,8,8,8,8,8,8,8,8,8
2005032406,500,2,2,4,4,4,4,8,8,8,8,8,8,8,8,16,16,16,16,16,16,16,16,16,25,25,25,25,25,25
2005032506,500,2,2,4,4,4,4,8,8,8,8,8,8,8,8,16,16,16,16,16,16,16,16,16,25,25,25,25,25,25
2005032606,500,2,2,2,2,2,2,2,2,2,2,2,2,2,2,2,2,2,2,2,2,2,2,2,2,26,26,26,26,26
2005032706,500,2,2,4,4,4,4,8,8,8,8,8,8,8,8,8,8,8,8,8,8,8,8,8,8,8,8,28,28,28
2005032806,500,2,2,4,4,4,4,8,8,8,8,8,8,8,8,8,8,8,8,8,8,8,8,8,8,8,8,28,28,28
2005032906,500,2,2,4,4,4,4,8,8,8,8,8,8,8,8,8,8,8,8,8,8,8,8,8,8,8,8,28,28,28
2005033006,500,2,2,4,4,4,4,8,8,8,8,8,8,8,8,8,8,8,8,8,8,8,8,8,8,8,8,28,28,28
2005033106,500,2,2,2,2,2,2,2,2,2,2,2,2,2,2,2,2,2,2,2,2,2,2,2,2,26,26,26,26,26
2005040106,500,1,1,1,1,1,1,1,1,1,1,1,1,1,1,1,1,1,1,1,1,1,1,1,1,1,1,1,1,1
2005040206,500,1,1,1,1,1,1,1,1,1,1,1,1,1,1,1,1,1,1,1,21,21,21,21,21,21,21,21,21,21
2005040306,500,1,1,1,1,1,1,1,1,1,1,12,12,12,12,12,12,12,12,12,12,12,12,12,12,12,12,12,12,12
2005040406,500,2,2,2,2,2,2,2,2,2,2,2,2,2,2,2,2,2,2,2,2,2,2,2,2,26,26,26,26,26
2005040506,500,1,1,1,1,1,1,1,1,1,1,1,1,1,1,1,1,1,1,1,21,21,21,21,21,21,21,21,21,21
2005040606,500,2,2,2,2,2,2,2,2,10,10,10,10,10,10,10,10,10,10,10,10,10,10,10,10,10,10,10,10,10
2005040706,500,2,2,2,2,2,2,2,2,10,10,10,10,10,10,10,10,10,10,10,10,10,10,10,10,10,10,10,10,10
2005040806,500,1,3,3,3,3,3,3,3,3,3,3,3,3,15,15,15,15,15,15,15,22,22,22,22,22,22,22,22,22
2005040906,500,1,1,1,5,5,5,5,5,5,11,11,11,11,11,11,17,17,17,17,17,17,17,24,24,24,24,24,24,24
2005041006,500,2,2,2,2,2,2,2,2,10,10,10,10,10,10,10,10,10,10,10,10,10,10,10,10,10,10,10,10,10
2005041106,500,1,1,1,1,1,1,1,1,1,1,1,1,1,1,1,1,1,1,1,1,1,1,1,1,1,1,1,1,1
2005041206,500,1,3,3,3,3,3,3,3,3,3,3,3,3,3,3,3,3,3,3,3,3,3,3,3,3,3,3,3,3
2005041306,500,2,2,2,2,2,2,2,2,2,2,2,2,2,2,2,2,2,2,2,2,2,2,2,2,2,2,2,2,2
2005041406,500,2,2,2,2,2,2,2,2,2,2,2,2,2,2,2,2,2,2,2,2,2,2,2,2,26,26,26,26,26
2005041506,500,1,1,1,1,1,1,1,1,1,1,12,12,12,12,12,12,12,12,12,12,12,12,12,12,12,12,12,12,12
2005041606,500,2,2,2,2,2,2,2,2,2,2,2,2,2,2,2,2,2,2,2,2,2,2,2,2,26,26,26,26,26
2005041706,500,1,1,1,5,5,5,5,5,5,11,11,11,11,11,11,17,17,17,17,17,17,17,17,17,17,17,17,17,17
2005041806,500,1,1,1,1,1,1,1,1,1,1,1,1,1,1,1,1,1,1,1,21,21,21,21,21,21,21,21,21,21
2005041906,500,1,1,1,5,5,5,5,5,5,11,11,11,11,11,11,17,17,17,17,17,17,17,17,17,17,17,17,17,17
2005042006,500,1,1,1,1,1,1,1,1,1,1,1,1,1,1,1,1,1,1,1,21,21,21,21,21,21,21,21,21,21
2005042106,500,1,1,1,1,1,1,1,1,1,1,12,12,12,12,12,12,12,12,12,12,12,12,12,12,12,12,12,12,12
2005042206,500,1,1,1,1,1,1,1,1,1,1,12,12,12,12,12,12,12,12,12,12,12,12,12,12,12,12,12,12,12
2005042306,500,1,1,1,5,5,5,5,5,5,11,11,11,11,11,11,11,11,11,11,11,11,11,11,11,11,11,11,11,11
2005042406,500,2,2,2,2,2,2,2,2,2,2,2,2,2,2,2,2,2,2,2,2,2,2,2,2,2,2,2,2,2
2005042506,500,2,2,2,2,2,2,2,2,2,2,2,2,14,14,14,14,14,14,14,14,14,14,14,14,14,14,14,14,30
2005042606,500,2,2,2,2,2,2,2,2,10,10,10,10,10,10,10,10,10,10,10,10,10,23,23,23,23,23,23,23,23
2005042706,500,2,2,2,2,2,2,2,2,2,2,2,2,14,14,14,14,14,14,14,14,14,14,14,14,14,14,14,14,30
2005042806,500,2,2,2,2,2,2,2,2,2,2,2,2,14,14,14,14,14,14,14,14,14,14,14,14,14,14,14,14,30
2005042906,500,2,2,2,2,2,2,2,2,2,2,2,2,14,14,14,14,14,14,14,14,14,14,14,14,14,14,14,14,30
2005043006,500,1,1,1,5,5,5,5,5,5,11,11,11,11,11,11,11,11,11,11,11,11,11,11,11,11,11,11,11,11
2005050106,500,2,2,2,2,2,2,2,2,10,10,10,10,10,10,10,10,10,10,10,10,10,10,10,10,10,10,10,10,10
2005050206,500,2,2,2,2,2,2,2,2,2,2,2,2,14,14,14,14,14,14,14,14,14,14,14,14,14,14,14,14,30
2005050306,500,2,2,2,2,2,2,2,2,2,2,2,2,2,2,2,2,2,2,2,2,2,2,2,2,26,26,26,26,26
2005050406,500,1,3,3,3,3,3,3,3,3,3,3,3,3,3,3,3,3,3,3,3,3,3,3,3,3,3,3,3,3
2005050506,500,1,1,1,5,5,5,5,5,5,11,11,11,11,11,11,17,17,17,17,17,17,17,24,24,24,24,24,24,24
2005050606,500,1,3,3,3,3,3,3,3,3,3,3,3,3,15,15,15,15,15,15,15,22,22,22,22,22,22,22,22,22
2005050706,500,2,2,2,2,2,2,2,2,2,2,2,2,2,2,2,2,2,2,2,2,2,2,2,2,2,2,2,2,2
2005050806,500,2,2,2,2,2,2,2,2,10,10,10,10,10,10,10,10,10,10,10,10,10,10,10,10,10,10,10,10,10
2005050906,500,2,2,4,4,4,4,8,8,8,8,8,8,8,8,16,16,16,16,16,16,16,16,16,25,25,25,25,25,25
2005051006,500,2,2,2,2,2,2,2,2,10,10,10,10,10,10,10,10,10,10,10,10,10,23,23,23,23,23,23,23,23
2005051106,500,2,2,4,4,4,4,4,4,4,4,4,4,4,4,4,4,18,18,18,18,18,18,18,18,18,18,18,29,29
2005051206,500,2,2,2,2,2,2,2,2,10,10,10,10,10,10,10,10,10,10,10,10,10,23,23,23,23,23,23,23,23
2005051306,500,2,2,4,4,4,4,8,8,8,8,8,8,8,8,16,16,16,16,16,16,16,16,16,25,25,25,25,25,25
2005051406,500,2,2,2,2,2,2,2,2,2,2,2,2,14,14,14,14,14,14,14,14,14,14,14,14,14,14,14,14,30
2005051506,500,1,3,3,3,3,3,3,3,3,3,3,3,3,3,3,3,3,3,3,3,3,3,3,3,3,3,3,3,3
2005051606,500,1,1,1,5,5,5,5,5,5,5,5,5,5,5,5,5,5,19,19,19,19,19,19,19,19,19,19,19,19
2005051706,500,2,2,2,2,2,2,2,2,10,10,10,10,10,10,10,10,10,10,10,10,10,10,10,10,10,10,10,10,10
2005051806,500,2,2,4,4,4,4,8,8,8,8,8,8,8,8,16,16,16,16,16,16,16,16,16,16,16,16,16,16,16
2005051906,500,2,2,4,4,4,4,8,8,8,8,8,8,8,8,16,16,16,16,16,16,16,16,16,25,25,25,25,25,25
2005052006,500,2,2,2,2,2,2,2,2,2,2,2,2,14,14,14,14,14,14,14,14,14,14,14,14,14,14,14,14,30
2005052106,500,2,2,4,4,4,4,8,8,8,8,8,8,8,8,8,8,8,8,8,8,8,8,8,8,8,8,8,8,8
2005052206,500,2,2,4,4,4,4,8,8,8,8,8,8,8,8,8,8,8,8,8,8,8,8,8,8,8,8,8,8,8
2005052306,500,2,2,4,4,4,4,8,8,8,8,8,8,8,8,8,8,8,8,8,8,8,8,8,8,8,8,28,28,28
2005052406,500,2,2,4,4,4,4,8,8,8,8,8,8,8,8,16,16,16,16,16,16,16,16,16,25,25,25,25,25,25
2005052506,500,2,2,2,2,2,2,2,2,2,2,2,2,14,14,14,14,14,14,14,14,14,14,14,14,14,14,14,14,30
2005052606,500,1,1,1,1,1,1,1,1,1,1,1,1,1,1,1,1,1,1,1,21,21,21,21,21,21,21,21,21,21
2005052706,500,1,1,1,1,1,1,1,1,1,1,12,12,12,12,12,12,12,12,12,12,12,12,12,12,12,12,12,12,12
2005052806,500,1,1,1,5,5,5,5,5,5,11,11,11,11,11,11,11,11,11,11,11,11,11,11,11,11,11,11,11,11
2005052906,500,1,1,1,1,1,7,7,7,7,7,7,7,7,7,7,7,7,7,7,7,7,7,7,7,7,7,7,7,7
2005053006,500,1,1,1,1,1,1,1,1,1,1,12,12,12,12,12,12,12,12,12,12,12,12,12,12,12,12,12,12,12
2005053106,500,1,1,1,5,5,5,5,5,5,11,11,11,11,11,11,11,11,11,11,11,11,11,11,11,11,11,11,11,11
2006030106,500,1,1,1,1,1,1,1,1,1,1,12,12,12,12,12,12,12,12,12,12,12,12,12,12,12,12,12,12,12
2006030206,500,1,1,1,1,1,7,7,7,7,7,7,7,7,7,7,7,7,7,7,7,7,7,7,7,7,7,7,7,7
2006030306,500,1,1,1,1,1,1,1,1,1,1,12,12,12,12,12,12,12,12,12,12,12,12,12,12,12,12,12,12,12
2006030406,500,1,1,1,1,1,1,1,1,1,1,1,1,1,1,1,1,1,1,1,21,21,21,21,21,21,21,21,21,21
2006030506,500,1,3,3,3,3,3,3,3,3,3,3,3,3,15,15,15,15,15,15,15,15,15,15,15,15,15,15,15,15
2006030606,500,1,3,3,3,3,3,3,3,3,3,3,13,13,13,13,13,13,13,13,13,13,13,13,13,13,13,13,13,13
2006030706,500,1,1,1,1,1,1,1,1,1,1,12,12,12,12,12,12,12,12,12,12,12,12,12,12,12,12,12,12,12
2006030806,500,1,3,3,3,3,3,3,3,3,3,3,13,13,13,13,13,13,13,13,13,13,13,13,13,13,13,13,13,13
2006030906,500,1,1,1,5,5,5,5,5,5,11,11,11,11,11,11,17,17,17,17,17,17,17,17,17,17,17,17,17,17
2006031006,500,1,3,3,3,3,3,3,3,3,3,3,13,13,13,13,13,13,13,13,13,13,13,13,13,13,13,13,13,13
2006031106,500,1,1,1,5,5,5,5,5,5,5,5,5,5,5,5,5,5,19,19,19,19,19,19,19,19,19,19,19,19
2006031206,500,2,2,4,4,4,4,4,4,4,4,4,4,4,4,4,4,4,4,4,4,4,4,4,4,4,4,4,4,4
2006031306,500,2,2,4,4,4,4,4,4,4,4,4,4,4,4,4,4,4,4,4,4,4,4,4,4,4,4,4,4,4
2006031406,500,2,2,2,2,2,2,2,2,2,2,2,2,14,14,14,14,14,14,14,14,14,14,14,14,14,14,14,14,30
2006031506,500,2,2,2,2,2,2,2,2,2,2,2,2,14,14,14,14,14,14,14,14,14,14,14,14,14,14,14,14,14
2006031606,500,2,2,2,2,2,2,2,2,2,2,2,2,2,2,2,2,2,2,2,2,2,2,2,2,26,26,26,26,26
2006031706,500,1,1,1,1,1,1,1,1,1,1,1,1,1,1,1,1,1,1,1,21,21,21,21,21,21,21,21,21,21
2006031806,500,1,1,1,1,1,7,7,7,7,7,7,7,7,7,7,7,7,7,7,7,7,7,7,7,7,7,7,7,7
2006031906,500,1,1,1,1,1,7,7,7,7,7,7,7,7,7,7,7,7,7,7,7,7,7,7,7,7,7,7,7,7
2006032006,500,1,1,1,1,1,1,1,1,1,1,1,1,1,1,1,1,1,1,1,1,1,1,1,1,1,1,1,1,1
2006032106,500,1,1,1,5,5,5,5,5,5,11,11,11,11,11,11,11,11,11,11,11,11,11,11,11,11,11,11,11,11
2006032206,500,2,2,2,2,2,2,2,2,2,2,2,2,2,2,2,2,2,2,2,2,2,2,2,2,2,2,2,2,2
2006032306,500,1,1,1,1,1,1,1,1,1,1,1,1,1,1,1,1,1,1,1,21,21,21,21,21,21,21,21,21,21
2006032406,500,1,1,1,1,1,1,1,1,1,1,12,12,12,12,12,12,12,12,12,12,12,12,12,12,12,12,12,12,12
2006032506,500,1,1,1,1,1,1,1,1,1,1,1,1,1,1,1,1,1,1,1,1,1,1,1,1,1,1,1,1,1
2006032606,500,1,3,3,3,3,3,3,3,3,3,3,13,13,13,13,13,13,13,13,13,13,13,13,13,13,13,13,13,13
2006032706,500,1,1,1,5,5,5,5,5,5,11,11,11,11,11,11,17,17,17,17,17,17,17,17,17,17,17,17,17,17
2006032806,500,1,1,1,1,1,1,1,1,1,1,12,12,12,12,12,12,12,12,12,12,12,12,12,12,12,12,12,12,12
2006032906,500,1,1,1,5,5,5,5,5,5,11,11,11,11,11,11,17,17,17,17,17,17,17,17,17,17,17,17,17,17
2006033006,500,1,1,1,1,1,7,7,7,7,7,7,7,7,7,7,7,7,7,7,7,7,7,7,7,7,7,7,7,7
2006033106,500,1,1,1,1,1,1,1,1,1,1,1,1,1,1,1,1,1,1,1,21,21,21,21,21,21,21,21,21,21
2006040106,500,1,3,3,3,6,6,6,6,6,6,6,6,6,6,6,6,6,6,6,6,6,6,6,6,6,6,6,6,6
2006040206,500,1,1,1,5,5,5,5,5,5,11,11,11,11,11,11,17,17,17,17,17,17,17,24,24,24,24,24,24,24
2006040306,500,2,2,2,2,2,2,2,2,2,2,2,2,2,2,2,2,2,2,2,2,2,2,2,2,2,2,2,2,2
2006040406,500,1,1,1,1,1,1,1,1,1,1,1,1,1,1,1,1,1,1,1,21,21,21,21,21,21,21,21,21,21
2006040506,500,1,1,1,1,1,1,1,1,1,1,1,1,1,1,1,1,1,1,1,21,21,21,21,21,21,21,21,21,21
2006040606,500,1,1,1,1,1,7,7,7,7,7,7,7,7,7,7,7,7,7,7,7,7,7,7,7,7,7,7,7,7
2006040706,500,1,3,3,3,3,3,3,3,3,3,3,13,13,13,13,13,13,13,13,13,13,13,13,13,13,13,13,13,13
2006040806,500,1,1,1,1,1,1,1,1,1,1,1,1,1,1,1,1,1,1,1,21,21,21,21,21,21,21,21,21,21
2006040906,500,1,3,3,3,6,6,6,6,6,6,6,6,6,6,6,6,6,6,6,6,6,6,6,6,6,6,6,6,6
2006041006,500,1,3,3,3,3,3,3,3,3,3,3,3,3,15,15,15,15,15,15,15,15,15,15,15,15,27,27,27,27
2006041106,500,1,1,1,5,5,5,5,5,5,5,5,5,5,5,5,5,5,5,5,5,5,5,5,5,5,5,5,5,5
2006041206,500,1,1,1,5,5,5,5,5,5,11,11,11,11,11,11,17,17,17,17,17,17,17,24,24,24,24,24,24,24
2006041306,500,2,2,2,2,2,2,2,2,2,2,2,2,2,2,2,2,2,2,2,2,2,2,2,2,2,2,2,2,2
2006041406,500,1,1,1,1,1,7,7,7,7,7,7,7,7,7,7,7,7,7,7,7,7,7,7,7,7,7,7,7,7
2006041506,500,1,3,3,3,3,3,3,3,3,3,3,13,13,13,13,13,13,13,13,13,13,13,13,13,13,13,13,13,13
2006041606,500,1,1,1,1,1,7,7,7,7,7,7,7,7,7,7,7,7,7,7,7,7,7,7,7,7,7,7,7,7
2006041706,500,1,3,3,3,3,3,3,3,3,3,3,13,13,13,13,13,13,13,13,13,13,13,13,13,13,13,13,13,13
2006041806,500,1,3,3,3,3,3,3,3,3,3,3,13,13,13,13,13,13,13,13,13,13,13,13,13,13,13,13,13,13
2006041906,500,1,1,1,5,5,5,5,5,5,11,11,11,11,11,11,17,17,17,17,17,17,17,24,24,24,24,24,24,24
2006042006,500,2,2,4,4,4,4,8,8,8,8,8,8,8,8,16,16,16,16,16,16,16,16,16,16,16,16,16,16,16
2006042106,500,1,1,1,1,1,1,1,1,1,1,1,1,1,1,1,1,1,1,1,1,1,1,1,1,1,1,1,1,1
2006042206,500,1,1,1,1,1,1,1,1,1,1,12,12,12,12,12,12,12,12,12,12,12,12,12,12,12,12,12,12,12
2006042306,500,2,2,2,2,2,2,2,2,2,2,2,2,2,2,2,2,2,2,2,2,2,2,2,2,2,2,2,2,2
2006042406,500,2,2,2,2,2,2,2,2,2,2,2,2,2,2,2,2,2,2,2,2,2,2,2,2,2,2,2,2,2
2006042506,500,1,1,1,5,5,5,5,5,5,11,11,11,11,11,11,17,17,17,17,17,17,17,17,17,17,17,17,17,17
2006042606,500,1,1,1,5,5,5,5,5,5,11,11,11,11,11,11,11,11,11,11,11,11,11,11,11,11,11,11,11,11
2006042706,500,1,1,1,5,5,5,5,5,5,11,11,11,11,11,11,17,17,17,17,17,17,17,17,17,17,17,17,17,17
2006042806,500,1,3,3,3,3,3,3,3,3,3,3,13,13,13,13,13,13,13,13,13,13,13,13,13,13,13,13,13,13
2006042906,500,1,1,1,1,1,7,7,7,7,7,7,7,7,7,7,7,7,7,7,7,7,7,7,7,7,7,7,7,7
2006043006,500,1,1,1,1,1,1,1,1,1,1,12,12,12,12,12,12,12,12,12,12,12,12,12,12,12,12,12,12,12
2006050106,500,1,3,3,3,3,3,3,3,3,3,3,3,3,3,3,3,3,3,3,3,3,3,3,3,3,3,3,3,3
2006050206,500,1,1,1,5,5,5,5,5,5,5,5,5,5,5,5,5,5,19,19,19,19,19,19,19,19,19,19,19,19
2006050306,500,1,1,1,5,5,5,5,5,5,5,5,5,5,5,5,5,5,19,19,19,19,19,19,19,19,19,19,19,19
2006050406,500,1,3,3,3,3,3,3,3,3,3,3,3,3,15,15,15,15,15,15,15,22,22,22,22,22,22,22,22,22
2006050506,500,1,1,1,1,1,1,1,1,1,1,1,1,1,1,1,1,1,1,1,1,1,1,1,1,1,1,1,1,1
2006050606,500,1,1,1,5,5,5,5,5,5,11,11,11,11,11,11,17,17,17,17,17,17,17,17,17,17,17,17,17,17
2006050706,500,1,1,1,1,1,1,1,1,1,1,1,1,1,1,1,1,1,1,1,1,1,1,1,1,1,1,1,1,1
2006050806,500,2,2,2,2,2,2,2,2,10,10,10,10,10,10,10,10,10,10,10,10,10,23,23,23,23,23,23,23,23
2006050906,500,2,2,2,2,2,2,2,2,10,10,10,10,10,10,10,10,10,10,10,10,10,23,23,23,23,23,23,23,23
2006051006,500,1,1,1,5,5,5,5,5,5,11,11,11,11,11,11,17,17,17,17,17,17,17,17,17,17,17,17,17,17
2006051106,500,2,2,2,2,2,2,2,2,10,10,10,10,10,10,10,10,10,10,10,10,10,23,23,23,23,23,23,23,23
2006051206,500,1,1,1,5,5,5,5,5,5,11,11,11,11,11,11,11,11,11,11,11,11,11,11,11,11,11,11,11,11
2006051306,500,1,1,1,5,5,5,5,5,5,11,11,11,11,11,11,11,11,11,11,11,11,11,11,11,11,11,11,11,11
2006051406,500,2,2,4,4,4,4,4,4,4,4,4,4,4,4,4,4,18,18,18,18,18,18,18,18,18,18,18,18,18
2006051506,500,1,1,1,1,1,7,7,7,7,7,7,7,7,7,7,7,7,7,7,7,7,7,7,7,7,7,7,7,7
2006051606,500,1,1,1,1,1,7,7,7,7,7,7,7,7,7,7,7,7,7,7,7,7,7,7,7,7,7,7,7,7
2006051706,500,1,3,3,3,3,3,3,3,3,3,3,13,13,13,13,13,13,13,13,13,13,13,13,13,13,13,13,13,13
2006051806,500,1,1,1,5,5,5,5,5,5,11,11,11,11,11,11,17,17,17,17,17,17,17,17,17,17,17,17,17,17
2006051906,500,1,1,1,5,5,5,5,5,5,11,11,11,11,11,11,11,11,11,11,11,11,11,11,11,11,11,11,11,11
2006052006,500,1,3,3,3,3,3,3,3,3,3,3,3,3,15,15,15,15,15,15,15,22,22,22,22,22,22,22,22,22
2006052106,500,1,1,1,5,5,5,5,5,5,11,11,11,11,11,11,11,11,11,11,11,11,11,11,11,11,11,11,11,11
2006052206,500,1,3,3,3,3,3,3,9,9,9,9,9,9,9,9,9,9,9,9,9,9,9,9,9,9,9,9,9,9
2006052306,500,2,2,2,2,2,2,2,2,10,10,10,10,10,10,10,10,10,10,10,10,10,23,23,23,23,23,23,23,23
2006052406,500,2,2,2,2,2,2,2,2,2,2,2,2,14,14,14,14,14,14,14,14,14,14,14,14,14,14,14,14,30
2006052506,500,2,2,2,2,2,2,2,2,10,10,10,10,10,10,10,10,10,10,10,10,10,23,23,23,23,23,23,23,23
2006052606,500,1,3,3,3,3,3,3,9,9,9,9,9,9,9,9,9,9,9,9,9,9,9,9,9,9,9,9,9,9
2006052706,500,2,2,4,4,4,4,4,4,4,4,4,4,4,4,4,4,18,18,18,18,18,18,18,18,18,18,18,18,18
2006052806,500,2,2,2,2,2,2,2,2,2,2,2,2,2,2,2,2,2,2,2,2,2,2,2,2,2,2,2,2,2
2006052906,500,1,1,1,5,5,5,5,5,5,11,11,11,11,11,11,17,17,17,17,17,17,17,17,17,17,17,17,17,17
2006053006,500,1,1,1,5,5,5,5,5,5,11,11,11,11,11,11,17,17,17,17,17,17,17,17,17,17,17,17,17,17
2006053106,500,1,3,3,3,3,3,3,3,3,3,3,13,13,13,13,13,13,13,13,13,13,13,13,13,13,13,13,13,13
